haha guess which is the right one
(roblox id)

112431210874803
105227310471575
103610015532419
112441496819887
110328713493750
116382942889650
108715690681841
110568918775785
107858390550772
103771528207961
110310119617391
100369736666366
100207983542889
104118695882482
114594122123422
101407593398595
109500393918058
115474423959748
103469069003641
109198647296946
113702489769426
102644056025607
116327430595530
109194759786398
106865084410373
101035235075485
111925205012980
106197153384644
100388768704389
116187194467240
105916640902717
112698960240753
115947730453693
109386800942167
116649052144535
109531412221354
102463873263826
117487996607639
117187893231691
113729527098752
114371728351988
117520308550148
114941225419355
112732487171039
117220737111298
105147165824196
109964964663905
108785624800962
117654287404435
108960636720504
110003447902442
103871408579191
114728492777998
107916944186592
117465807796746
116473358213743
102166042411873
115148910513915
104035402228022
101974841015751
107740974241720
103751753444531
109204132227380
113718130448675
103206089608947
112701591353531
113718233941639
104268185486713
115595855318351
109007882062586
100525520241680
103354419393850
100682068472771
105126261506862
110777635993486
117471260106863
117573584773369
105834454633190
103292492797615
114015859745114
109441642870852
104800108154918
100073398739630
100988878241557
113459646060963
107767087815655
112716547493325
116865097558083
77856395643262
104187994883338
108340496557134
113264117072486
109961868481757
107481613277829
104808741289859
104808102010845
113327626398768
105429401831101
113057175836795
100986858445659
115633779300848
114671548992319
104811688415264
103801118796149
113799893110577
101112127904007
105466462811582
103236822605513
116278784487645
107355273624654
102111583374212
117350030567283
103680112569121
109106504584302
116515876744428
109716803081063
110425284045554
104615482295039
104694212291360
107131489363252
117088096749436
106003850050680
109677534453076
100830542356247
117628967084255
104094663538463
101222809079713
115023329389003
107604828379379
109128298873564
103570630520231
116899179747572
104780089323244
110277799086268
100443537474898
117589563054922
103563954672376
104116256767718
106062471229754
117361795783509
103995250450514
107400447273769
108913360020824
109483715072296
111466392153778
110527755590409
115960774231619
101717009430944
112739773970086
114003845262583
104932083918729
105787677069916
117372393306643
114542844585064
109673320131020
104251254528621
106585169191451
105872878658842
101380232450417
113363013266949
103044578671285
112581145480698
103432087061531
112377651612659
102983166996027
108291131376962
106063451811665
110657792338747
102455786030800
116210548224542
112426342125542
107595270121259
116744109333757
112497347016320
108943058103722
104556911410721
110830940314158
116787046719768
108137746886181
104446989725155
101025664123816
100476017305448
113327490093755
113305391835335
104563823463775
105659267878454
113363509830830
110248610405504
110203741343314
109144328070590
100522999742464
111556761754010
107103620273057
109301892319747
117450290038433
108026411028218
105930539651840
104233254249821
102538276680648
101458323788602
113886916481180
107407690153019
104476580614973
103214461763631
102540898250055
107483978436439
104254507743755
108468743748269
106452583377273
113864252046802
108141988231609
111718249529962
108509604302484
113956518006095
113101096701504
104544864277564
108852647585599
107781598571850
112121561880139
117710684132969
109480756144723
107850071599193
114223096366035
104514215439339
114658733481704
101602092390052
102794316122126
102070335606700
112388894075603
106592210608463
107510381368337
114433806812038
108981378774036
115067974884092
114966045545043
103767058585047
101025642635447
104780315061728
117256104421106
104640322394443
100317274630008
109711016952820
101731576046002
102357743671122
108415027312974
115746809333199
116156646015849
100692394548563
107800247919206
106511110577278
112988378614422
109140580673755
109625701229526
114690139808317
105459081633963
103183710344862
112701085607375
106957825563514
117475416120028
113222848352063
115810112095765
102946583579302
117049934568771
105038897259724
113809909616582
114293175293996
108608029646232
106281980753269
108642079645464
103092265228725
106881746832354
107817138815801
101424811910965
107930409800586
103804406125000
113292588356553
108414174359265
106957151421442
100747233133400
106064152161839
110426342450257
106840488833016
104249342528549
107690215474375
110280325134562
101962072158184
113987900994771
114430127498101
100587112411191
114556594008212
113276079178425
103389240355175
113642344705769
116797564831124
100926256675025
102686452445819
105952007005783
111985204272362
115704765245713
